sk               Eth Pid        Groups   Rmem     Wmem     Dump  Locks    Drops    Inode
0000000000000000 0   3071495654 00000000 0        0        0     2        0        23068   
0000000000000000 0   1          800405d5 0        0        0     2        0        751     
0000000000000000 0   2685       00000000 960      0        0     2        0        22786   
0000000000000000 0   74181      00000440 0        0        0     2        0        504758  
0000000000000000 0   0          00000000 0        0        0     2        0        17      
0000000000000000 0   511        00000111 0        0        0     2        0        3814    
0000000000000000 0   427        00000000 960      0        0     2        0        29616   
0000000000000000 4   0          00000000 0        0        0     2        0        1251    
0000000000000000 6   427        00000000 0        0        0     2        0        29617   
0000000000000000 6   2685       00000000 0        0        0     2        0        22787   
0000000000000000 6   0          00000000 0        0        0     2        0        10572   
0000000000000000 7   0          00000000 0        0        0     2        0        1184    
0000000000000000 9   3478163906 00000000 0        0        0     2        0        6714    
0000000000000000 9   14403      00000000 0        0        0     2        0        85539   
0000000000000000 9   794        00000000 0        0        0     2        0        6571    
0000000000000000 9   0          00000000 0        0        0     2        0        23      
0000000000000000 9   3206089189 00000000 0        0        0     2        0        1645    
0000000000000000 9   397        00000000 0        0        0     2        0        2498    
0000000000000000 9   1          00000001 0        0        0     2        0        744     
0000000000000000 10  0          00000000 0        0        0     2        0        135     
0000000000000000 11  0          00000000 0        0        0     2        0        1035    
0000000000000000 11  794        00000001 0        0        0     2        0        9222    
0000000000000000 12  427        00000000 0        0        0     2        0        29618   
0000000000000000 12  2685       00000000 0        0        0     2        0        22788   
0000000000000000 12  0          00000000 0        0        0     2        0        10580   
0000000000000000 15  14403      00000002 0        0        0     2        0        85918   
0000000000000000 15  0          00000000 0        0        0     2        0        1029    
0000000000000000 15  509        00000002 0        0        0     2        0        3764    
0000000000000000 15  3330855593 00000002 0        0        0     2        0        6436    
0000000000000000 15  669        00000002 0        0        0     2        0        6435    
0000000000000000 15  190        00000002 0        0        0     2        0        1821    
0000000000000000 15  1          00000002 0        0        0     2        0        717     
0000000000000000 15  3354095946 00000001 0        0        0     2        0        754     
0000000000000000 15  2153032822 00000002 0        0        0     2        0        6438    
0000000000000000 15  4280152910 00000002 0        0        0     2        0        6437    
0000000000000000 16  509        00000000 0        0        0     2        0        3763    
0000000000000000 16  0          00000000 0        0        0     2        0        18      
0000000000000000 18  0          00000000 0        0        0     2        0        1038    
