Num       RefCount Protocol Flags    Type St Inode Path
0000000000000000: 00000003 00000000 00000000 0001 03  5176
0000000000000000: 00000002 00000000 00010000 0001 01 89404 /var/snap/lxd/common/lxd/unix.socket
0000000000000000: 00000003 00000000 00000000 0001 03  4568
0000000000000000: 00000002 00000000 00010000 0001 01 89408 /var/snap/lxd/common/lxd-user/unix.socket
0000000000000000: 00000003 00000000 00000000 0001 03 34006
0000000000000000: 00000003 00000000 00000000 0001 03   939 /run/systemd/journal/stdout
0000000000000000: 00000003 00000000 00000000 0001 03 567420 /run/dbus/system_bus_socket
0000000000000000: 00000003 00000000 00000000 0001 03  5182
0000000000000000: 00000003 00000000 00000000 0001 03 87162
0000000000000000: 00000002 00000000 00010000 0001 01 32196 /tmp/vscode-ipc-58f71333-51c3-4484-bde9-7f5e23df7a29.sock
0000000000000000: 00000003 00000000 00000000 0001 03 13068
0000000000000000: 00000003 00000000 00000000 0001 03   866
0000000000000000: 00000003 00000000 00000000 0001 03 34009
0000000000000000: 00000003 00000000 00000000 0001 03 31796
0000000000000000: 00000002 00000000 00000000 0002 03  6427
0000000000000000: 00000002 00000000 00000000 0001 03 555284 /run/docker.sock
0000000000000000: 00000003 00000000 00000000 0001 03 102978
0000000000000000: 00000002 00000000 00010000 0001 01 33263 /tmp/vscode-ipc-9f541e8e-b38f-4d48-9bac-1e381285000d.sock
0000000000000000: 00000003 00000000 00000000 0001 03  8884
0000000000000000: 00000002 00000000 00010000 0001 01  6554 /var/run/auoms/status.socket
0000000000000000: 00000002 00000000 00010000 0001 01  6570 /var/run/auoms/input.socket
0000000000000000: 00000003 00000000 00000000 0001 03   929 /run/systemd/journal/stdout
0000000000000000: 00000002 00000000 00000000 0001 03 566336 /run/docker.sock
0000000000000000: 00000002 00000000 00010000 0001 01 35340 /tmp/vscode-git-51e7e75b70.sock
0000000000000000: 00000003 00000000 00000000 0001 03 34008
0000000000000000: 00000002 00000000 00010000 0001 01 38760 /tmp/vscode-ipc-03ad94c8-f5be-4cfe-882e-5f8429b3e13b.sock
0000000000000000: 00000002 00000000 00010000 0001 01  6963 /var/run/nri/nri.sock
0000000000000000: 00000003 00000000 00000000 0001 03  4569
0000000000000000: 00000003 00000000 00000000 0005 03 567401
0000000000000000: 00000002 00000000 00010000 0001 01  6977 /run/containerd/containerd.sock.ttrpc
0000000000000000: 00000002 00000000 00010000 0001 01  6978 /run/containerd/containerd.sock
0000000000000000: 00000003 00000000 00000000 0001 03 102977
0000000000000000: 00000002 00000000 00000000 0002 03  6491
0000000000000000: 00000003 00000000 00000000 0001 03  4571 /run/dbus/system_bus_socket
0000000000000000: 00000002 00000000 00010000 0001 01 16957 /tmp/dotnet-diagnostic-2195-4739-socket
0000000000000000: 00000003 00000000 00000000 0001 03  4584
0000000000000000: 00000003 00000000 00000000 0001 03 124092
0000000000000000: 00000002 00000000 00000000 0002 03 15456
0000000000000000: 00000003 00000000 00000000 0001 03 14753 /var/run/auoms/input.socket
0000000000000000: 00000003 00000000 00000000 0001 03  8885
0000000000000000: 00000003 00000000 00000000 0001 03 102979
0000000000000000: 00000002 00000000 00010000 0001 01  3819 /run/systemd/resolve/io.systemd.Resolve
0000000000000000: 00000003 00000000 00000000 0001 03  5191
0000000000000000: 00000003 00000000 00000000 0001 03 31797
0000000000000000: 00000003 00000000 00000000 0001 03 567419
0000000000000000: 00000003 00000000 00000000 0001 03 38320 /run/docker.sock
0000000000000000: 00000003 00000000 00000000 0001 03  4968 /run/systemd/journal/stdout
0000000000000000: 00000003 00000000 00000000 0001 03  5177
0000000000000000: 00000003 00000000 00000000 0001 03 567422
0000000000000000: 00000002 00000000 00000000 0001 03 554650 /run/docker.sock
0000000000000000: 00000003 00000000 00000000 0001 03  4587 /run/systemd/journal/stdout
0000000000000000: 00000003 00000000 00000000 0001 03  5195 /run/systemd/journal/stdout
0000000000000000: 00000003 00000000 00000000 0001 03  6439
0000000000000000: 00000003 00000000 00000000 0001 03 34011
0000000000000000: 00000003 00000000 00000000 0001 03  8687
0000000000000000: 00000003 00000000 00000000 0001 03  8638
0000000000000000: 00000003 00000000 00000000 0001 03 34004
0000000000000000: 00000003 00000000 00000000 0001 03 123490 /var/run/azcimon.sock
0000000000000000: 00000002 00000000 00010000 0001 01 10422 /var/run/azsecmon/azsecmond.socket
0000000000000000: 00000003 00000000 00000000 0001 03  8688 /run/dbus/system_bus_socket
0000000000000000: 00000003 00000000 00000000 0001 03  4519 /run/systemd/journal/stdout
0000000000000000: 00000003 00000000 00000000 0001 03  4874
0000000000000000: 00000002 00000000 00000000 0001 03 559647 /run/docker.sock
0000000000000000: 00000003 00000000 00000000 0001 03  4524
0000000000000000: 00000003 00000000 00000000 0001 03  8641 /run/systemd/journal/stdout
0000000000000000: 00000002 00000000 00000000 0002 03   888
0000000000000000: 00000003 00000000 00000000 0001 03 34005
0000000000000000: 00000002 00000000 00010000 0001 01 16080 /root/.codespaces/shared/cs-agent.sock
0000000000000000: 00000002 00000000 00000000 0001 03 557120 /run/docker.sock
0000000000000000: 00000003 00000000 00000000 0001 03  4570 /run/dbus/system_bus_socket
0000000000000000: 00000002 00000000 00000000 0002 03  5989
0000000000000000: 00000003 00000000 00000000 0001 03  4572 /run/dbus/system_bus_socket
0000000000000000: 00000003 00000000 00000000 0001 03  8691 /run/dbus/system_bus_socket
0000000000000000: 00000003 00000000 00000000 0002 03   718 /run/systemd/notify
0000000000000000: 00000002 00000000 00000000 0002 03  4567
0000000000000000: 00000002 00000000 00010000 0001 01   721 /run/systemd/private
0000000000000000: 00000003 00000000 00000000 0001 03   879
0000000000000000: 00000002 00000000 00010000 0001 01   723 /run/systemd/userdb/io.systemd.DynamicUser
0000000000000000: 00000002 00000000 00010000 0001 01   724 /run/systemd/io.system.ManagedOOM
0000000000000000: 00000003 00000000 00000000 0001 03 37562 /root/.codespaces/shared/cs-agent.sock
0000000000000000: 00000003 00000000 00000000 0001 03  5580
0000000000000000: 00000003 00000000 00000000 0001 03  2505
0000000000000000: 00000003 00000000 00000000 0002 03   719
0000000000000000: 00000003 00000000 00000000 0005 03 567400
0000000000000000: 00000003 00000000 00000000 0001 03  5887 /run/systemd/journal/stdout
0000000000000000: 00000002 00000000 00010000 0001 01   732 /run/lvm/lvmpolld.socket
0000000000000000: 00000003 00000000 00000000 0001 03 37637
0000000000000000: 00000003 00000000 00000000 0001 03  2506
0000000000000000: 00000002 00000000 00000000 0001 03 555228 /run/docker.sock
0000000000000000: 00000002 00000000 00000000 0002 01   735 /run/systemd/journal/syslog
0000000000000000: 00000002 00000000 00010000 0001 01   737 /run/systemd/fsck.progress
0000000000000000: 00000003 00000000 00000000 0001 03 38178
0000000000000000: 00000003 00000000 00000000 0001 03  5969
0000000000000000: 00000003 00000000 00000000 0001 03  4560
0000000000000000: 0000000E 00000000 00000000 0002 03   745 /run/systemd/journal/dev-log
0000000000000000: 00000002 00000000 00000000 0001 03 557327 /run/docker.sock
0000000000000000: 00000003 00000000 00000000 0002 03  5213
0000000000000000: 00000007 00000000 00000000 0002 03   747 /run/systemd/journal/socket
0000000000000000: 00000002 00000000 00010000 0001 01   749 /run/systemd/journal/stdout
0000000000000000: 00000002 00000000 00010000 0005 01   752 /run/udev/control
0000000000000000: 00000003 00000000 00000000 0001 03 38029
0000000000000000: 00000003 00000000 00000000 0001 03  5883
0000000000000000: 00000003 00000000 00000000 0001 03  4543
0000000000000000: 00000003 00000000 00000000 0002 03   892
0000000000000000: 00000003 00000000 00000000 0001 03  5587 /run/systemd/journal/stdout
0000000000000000: 00000003 00000000 00000000 0001 03 37634
0000000000000000: 00000002 00000000 00000000 0001 03 556832 /run/docker.sock
0000000000000000: 00000003 00000000 00000000 0001 03 38030
0000000000000000: 00000003 00000000 00000000 0001 03  5882
0000000000000000: 00000003 00000000 00000000 0001 03  3051
0000000000000000: 00000003 00000000 00000000 0001 03 567399
0000000000000000: 00000003 00000000 00000000 0001 03  5986 /run/systemd/journal/stdout
0000000000000000: 00000003 00000000 00000000 0001 03  4561 /run/systemd/journal/stdout
0000000000000000: 00000003 00000000 00000000 0001 03 37636
0000000000000000: 00000002 00000000 00000000 0002 03 551108
0000000000000000: 00000003 00000000 00000000 0001 03  4544 /run/systemd/journal/stdout
0000000000000000: 00000003 00000000 00000000 0001 03 38043
0000000000000000: 00000003 00000000 00000000 0002 03   893
0000000000000000: 00000002 00000000 00000000 0002 01 567381
0000000000000000: 00000003 00000000 00000000 0001 03 28261 /run/docker.sock
0000000000000000: 00000002 00000000 00010000 0001 01 26649 /run/containerd/containerd.sock.ttrpc
0000000000000000: 00000003 00000000 00000000 0001 03 38042
0000000000000000: 00000002 00000000 00010000 0001 01 26650 /run/containerd/containerd.sock
0000000000000000: 00000003 00000000 00000000 0001 03 567398
0000000000000000: 00000003 00000000 00000000 0001 03  3749 /run/systemd/journal/stdout
0000000000000000: 00000003 00000000 00000000 0001 03 38031
0000000000000000: 00000002 00000000 00000000 0001 03 555001 /run/docker.sock
0000000000000000: 00000003 00000000 00000000 0001 03  3052 /run/systemd/journal/stdout
0000000000000000: 00000003 00000000 00000000 0001 03 38032
0000000000000000: 00000003 00000000 00000000 0001 03  5977
0000000000000000: 00000003 00000000 00000000 0001 03 87161
0000000000000000: 00000003 00000000 00000000 0001 03 31801
0000000000000000: 00000003 00000000 00000000 0001 03  3022
0000000000000000: 00000003 00000000 00000000 0001 03  5888 /run/systemd/journal/stdout
0000000000000000: 00000003 00000000 00000000 0001 03 37635
0000000000000000: 00000003 00000000 00000000 0001 03 31800
0000000000000000: 00000003 00000000 00000000 0001 03  2502
0000000000000000: 00000003 00000000 00000000 0001 03  5985 /run/systemd/journal/stdout
0000000000000000: 00000003 00000000 00000000 0001 03 38034
0000000000000000: 00000002 00000000 00010000 0001 01 26637 /var/run/nri/nri.sock
0000000000000000: 00000003 00000000 00000000 0001 03  2503
0000000000000000: 00000002 00000000 00000000 0001 03 558245 /run/docker.sock
0000000000000000: 00000002 00000000 00000000 0002 03  2504
0000000000000000: 00000003 00000000 00000000 0002 03   720
0000000000000000: 00000002 00000000 00000000 0001 03 553464 /run/docker.sock
0000000000000000: 00000003 00000000 00000000 0001 03 37633
0000000000000000: 00000002 00000000 00000000 0001 03 552564 /run/docker.sock
0000000000000000: 00000002 00000000 00000000 0002 03  2546
0000000000000000: 00000003 00000000 00000000 0001 03 38033
0000000000000000: 00000003 00000000 00000000 0001 03 29174
0000000000000000: 00000002 00000000 00010000 0001 01  5171 /run/dbus/system_bus_socket
0000000000000000: 00000002 00000000 00010000 0001 01 123479 /var/run/azcimon.sock
0000000000000000: 00000003 00000000 00000000 0001 03 31653
0000000000000000: 00000003 00000000 00000000 0001 03 28254
0000000000000000: 00000002 00000000 00010000 0001 01  4504 /run/snapd.socket
0000000000000000: 00000003 00000000 00000000 0001 03 37692
0000000000000000: 00000002 00000000 00010000 0001 01  4506 /run/snapd-snap.socket
0000000000000000: 00000003 00000000 00000000 0001 03 38381
0000000000000000: 00000003 00000000 00000000 0001 03 23089 /run/containerd/s/041ef3eedc941e06c37ec5bf536b50aa6c2628e302695854e09f5106f70445a1
0000000000000000: 00000002 00000000 00010000 0001 01  4508 /run/uuidd/request
0000000000000000: 00000003 00000000 00000000 0001 03 31655
0000000000000000: 00000003 00000000 00000000 0001 03 505566 /run/systemd/journal/stdout
0000000000000000: 00000002 00000000 00000000 0001 03 553666 /run/docker.sock
0000000000000000: 00000003 00000000 00000000 0001 03 31651
0000000000000000: 00000003 00000000 00000000 0001 03 28218
0000000000000000: 00000003 00000000 00000000 0001 03 38386 /run/docker.sock
0000000000000000: 00000002 00000000 00000000 0001 03 552938 /run/docker.sock
0000000000000000: 00000003 00000000 00000000 0001 03 505581
0000000000000000: 00000003 00000000 00000000 0001 03 100344
0000000000000000: 00000003 00000000 00000000 0001 03 32325
0000000000000000: 00000003 00000000 00000000 0001 03 28264 /run/docker.sock
0000000000000000: 00000002 00000000 00000000 0001 03 549998 /run/docker.sock
0000000000000000: 00000003 00000000 00000000 0001 03 31666
0000000000000000: 00000002 00000000 00000000 0001 03 562288 /run/docker.sock
0000000000000000: 00000003 00000000 00000000 0001 03 100339
0000000000000000: 00000003 00000000 00000000 0001 03 38382
0000000000000000: 00000002 00000000 00000000 0001 03 549950 /run/docker.sock
0000000000000000: 00000003 00000000 00000000 0001 03 28263
0000000000000000: 00000002 00000000 00000000 0002 03 15354
0000000000000000: 00000003 00000000 00000000 0001 03 100342
0000000000000000: 00000003 00000000 00000000 0001 03 38379
0000000000000000: 00000002 00000000 00000000 0002 03 505569
0000000000000000: 00000003 00000000 00000000 0001 03 31654
0000000000000000: 00000003 00000000 00000000 0001 03 28253
0000000000000000: 00000003 00000000 00000000 0001 03 86162
0000000000000000: 00000003 00000000 00000000 0001 03 38380
0000000000000000: 00000002 00000000 00000000 0001 03 552823 /run/docker.sock
0000000000000000: 00000003 00000000 00000000 0001 03 31663
0000000000000000: 00000003 00000000 00000000 0001 03 28251
0000000000000000: 00000003 00000000 00000000 0001 03 100343
0000000000000000: 00000003 00000000 00000000 0001 03 38383
0000000000000000: 00000003 00000000 00000000 0001 03 31664 /run/docker.sock
0000000000000000: 00000003 00000000 00000000 0001 03 28252
0000000000000000: 00000003 00000000 00000000 0001 03 38390 /run/docker.sock
0000000000000000: 00000003 00000000 00000000 0001 03 29119 /run/docker.sock
0000000000000000: 00000002 00000000 00000000 0001 03 564278 /run/docker.sock
0000000000000000: 00000003 00000000 00000000 0001 03 31652
0000000000000000: 00000003 00000000 00000000 0001 03 37689
0000000000000000: 00000003 00000000 00000000 0001 03 100337
0000000000000000: 00000003 00000000 00000000 0001 03 30590 /run/docker.sock
0000000000000000: 00000002 00000000 00000000 0001 03 550467 /run/docker.sock
0000000000000000: 00000003 00000000 00000000 0001 03 28250
0000000000000000: 00000003 00000000 00000000 0001 03 505565
0000000000000000: 00000003 00000000 00000000 0001 03 100340
0000000000000000: 00000003 00000000 00000000 0001 03 32326
0000000000000000: 00000003 00000000 00000000 0001 03 29120 /run/docker.sock
0000000000000000: 00000003 00000000 00000000 0001 03 505582 /run/dbus/system_bus_socket
0000000000000000: 00000002 00000000 00010000 0001 01  4598 /run/irqbalance/irqbalance651.sock
0000000000000000: 00000002 00000000 00000000 0001 03 561997 /run/docker.sock
0000000000000000: 00000003 00000000 00000000 0001 03 85229 /run/systemd/journal/stdout
0000000000000000: 00000003 00000000 00000000 0001 03 31650
0000000000000000: 00000002 00000000 00010000 0001 01 28343 /var/run/docker.sock
0000000000000000: 00000003 00000000 00000000 0001 03 28249
0000000000000000: 00000003 00000000 00000000 0001 03 100341
0000000000000000: 00000003 00000000 00000000 0001 03 38384
0000000000000000: 00000003 00000000 00000000 0001 03 37649
0000000000000000: 00000002 00000000 00010000 0001 01 28361 /var/run/docker/metrics.sock
0000000000000000: 00000003 00000000 00000000 0001 03 28216
0000000000000000: 00000002 00000000 00000000 0001 03 562230 /run/docker.sock
0000000000000000: 00000003 00000000 00000000 0001 03 100338
0000000000000000: 00000002 00000000 00000000 0001 03 562505 /run/docker.sock
0000000000000000: 00000003 00000000 00000000 0001 03 37638
0000000000000000: 00000003 00000000 00000000 0001 03 87165
0000000000000000: 00000002 00000000 00010000 0001 01 29619 /var/run/docker/libnetwork/bdb1cf6aee0d.sock
0000000000000000: 00000002 00000000 00000000 0001 03 562179 /run/docker.sock
0000000000000000: 00000003 00000000 00000000 0001 03 24609
0000000000000000: 00000003 00000000 00000000 0001 03 87159
0000000000000000: 00000003 00000000 00000000 0001 03 505588 /run/dbus/system_bus_socket
0000000000000000: 00000002 00000000 00000000 0002 03 21378
0000000000000000: 00000003 00000000 00000000 0001 03 566638 /run/docker.sock
0000000000000000: 00000002 00000000 00000000 0001 03 557416 /run/docker.sock
0000000000000000: 00000003 00000000 00000000 0001 03 102972
0000000000000000: 00000003 00000000 00000000 0001 03 32197
0000000000000000: 00000002 00000000 00000000 0001 03 559220 /run/docker.sock
0000000000000000: 00000003 00000000 00000000 0001 03 23146
0000000000000000: 00000003 00000000 00000000 0001 03 37647 /run/docker.sock
0000000000000000: 00000003 00000000 00000000 0001 03 102970
0000000000000000: 00000003 00000000 00000000 0001 03 21708
0000000000000000: 00000003 00000000 00000000 0001 03 102975
0000000000000000: 00000003 00000000 00000000 0002 03  3766
0000000000000000: 00000003 00000000 00000000 0001 03 504764
0000000000000000: 00000003 00000000 00000000 0001 03 29106
0000000000000000: 00000003 00000000 00000000 0001 03 22631
0000000000000000: 00000003 00000000 00000000 0001 03 530025
0000000000000000: 00000003 00000000 00000000 0001 03 24140
0000000000000000: 00000002 00000000 00000000 0001 03 564085 /run/docker.sock
0000000000000000: 00000003 00000000 00000000 0001 03 29110
0000000000000000: 00000003 00000000 00000000 0001 03 530023
0000000000000000: 00000003 00000000 00000000 0001 03 23147 /run/containerd/containerd.sock.ttrpc
0000000000000000: 00000002 00000000 00000000 0001 03 564375 /run/docker.sock
0000000000000000: 00000002 00000000 00000000 0001 03 554375 /run/docker.sock
0000000000000000: 00000003 00000000 00000000 0001 03 85836
0000000000000000: 00000003 00000000 00000000 0001 03 24138 /run/containerd/containerd.sock
0000000000000000: 00000003 00000000 00000000 0002 03  3767
0000000000000000: 00000003 00000000 00000000 0001 03 37646
0000000000000000: 00000003 00000000 00000000 0001 03 31803
0000000000000000: 00000003 00000000 00000000 0001 03 530024
0000000000000000: 00000002 00000000 00000000 0001 03 558478 /run/docker.sock
0000000000000000: 00000003 00000000 00000000 0001 03 102976
0000000000000000: 00000003 00000000 00000000 0001 03  4871 /run/systemd/journal/stdout
0000000000000000: 00000003 00000000 00000000 0001 03 567423 /run/dbus/system_bus_socket
0000000000000000: 00000003 00000000 00000000 0001 03 566641 /run/docker.sock
0000000000000000: 00000003 00000000 00000000 0001 03 31798
0000000000000000: 00000003 00000000 00000000 0001 03 86455 /run/dbus/system_bus_socket
0000000000000000: 00000002 00000000 00010000 0001 01 24116 /run/docker.sock
0000000000000000: 00000002 00000000 00000000 0002 03  3759
0000000000000000: 00000003 00000000 00000000 0001 03 29108
0000000000000000: 00000003 00000000 00000000 0001 03 29270 /run/containerd/containerd.sock
0000000000000000: 00000003 00000000 00000000 0001 03 31799
0000000000000000: 00000003 00000000 00000000 0001 03 10500
0000000000000000: 00000002 00000000 00010000 0001 01 24135 /var/run/docker/metrics.sock
0000000000000000: 00000002 00000000 00000000 0002 03  3809
0000000000000000: 00000003 00000000 00000000 0001 03 28368
0000000000000000: 00000002 00000000 00010000 0001 01 22845 /var/run/docker/libnetwork/4b2b072da590.sock
0000000000000000: 00000002 00000000 00010000 0001 01 16995 /tmp/CoreFxPipe_CodespacesVmAgentPipe
0000000000000000: 00000003 00000000 00000000 0001 03  1957
0000000000000000: 00000002 00000000 00000000 0002 03 10412
0000000000000000: 00000003 00000000 00000000 0001 03 21707
0000000000000000: 00000003 00000000 00000000 0001 03 103021
0000000000000000: 00000003 00000000 00000000 0001 03 102963
0000000000000000: 00000003 00000000 00000000 0002 03  5214
0000000000000000: 00000002 00000000 00000000 0001 03 559278 /run/docker.sock
0000000000000000: 00000003 00000000 00000000 0001 03 87158
0000000000000000: 00000003 00000000 00000000 0001 03 31837
0000000000000000: 00000003 00000000 00000000 0001 03 22632
0000000000000000: 00000002 00000000 00000000 0002 03 21488
0000000000000000: 00000003 00000000 00000000 0001 03 32198 /tmp/vscode-ipc-58f71333-51c3-4484-bde9-7f5e23df7a29.sock
0000000000000000: 00000002 00000000 00010000 0001 01 15455 /run/systemd/journal/io.systemd.journal
0000000000000000: 00000003 00000000 00000000 0001 03 10395
0000000000000000: 00000003 00000000 00000000 0001 03 102967
0000000000000000: 00000003 00000000 00000000 0001 03 29111
0000000000000000: 00000003 00000000 00000000 0001 03 530021
0000000000000000: 00000003 00000000 00000000 0001 03 24137
0000000000000000: 00000002 00000000 00000000 0002 03  1969
0000000000000000: 00000003 00000000 00000000 0001 03 31861
0000000000000000: 00000003 00000000 00000000 0001 03 29107
0000000000000000: 00000003 00000000 00000000 0001 03 28369 /run/containerd/containerd.sock
0000000000000000: 00000002 00000000 00000000 0001 03 564155 /run/docker.sock
0000000000000000: 00000003 00000000 00000000 0001 03 24119
0000000000000000: 00000003 00000000 00000000 0001 03 566637
0000000000000000: 00000003 00000000 00000000 0001 03 102965
0000000000000000: 00000003 00000000 00000000 0001 03 10711 /var/run/azsecmon/azsecmond.socket
0000000000000000: 00000003 00000000 00000000 0001 03 34010
0000000000000000: 00000003 00000000 00000000 0001 03  5297
0000000000000000: 00000003 00000000 00000000 0001 03 530022
0000000000000000: 00000002 00000000 00010000 0001 01 23080 /run/containerd/s/041ef3eedc941e06c37ec5bf536b50aa6c2628e302695854e09f5106f70445a1
0000000000000000: 00000003 00000000 00000000 0001 03  1960 /run/systemd/journal/stdout
0000000000000000: 00000003 00000000 00000000 0001 03 566640
0000000000000000: 00000003 00000000 00000000 0001 03 102964
0000000000000000: 00000003 00000000 00000000 0001 03 87160
0000000000000000: 00000003 00000000 00000000 0001 03 31802
0000000000000000: 00000003 00000000 00000000 0001 03 530026
0000000000000000: 00000002 00000000 00000000 0001 03 567362 /run/docker.sock
0000000000000000: 00000003 00000000 00000000 0001 03 21684
0000000000000000: 00000003 00000000 00000000 0001 03 102966
0000000000000000: 00000003 00000000 00000000 0001 03 87163
0000000000000000: 00000003 00000000 00000000 0001 03 10396 /run/systemd/journal/stdout
0000000000000000: 00000003 00000000 00000000 0002 03  3765
0000000000000000: 00000003 00000000 00000000 0001 03 31862
0000000000000000: 00000003 00000000 00000000 0001 03 29109
0000000000000000: 00000003 00000000 00000000 0001 03 530020
0000000000000000: 00000003 00000000 00000000 0001 03 21685
0000000000000000: 00000002 00000000 00000000 0001 03 558633 /run/docker.sock
0000000000000000: 00000003 00000000 00000000 0001 03 102973
0000000000000000: 00000003 00000000 00000000 0001 03 31836
0000000000000000: 00000003 00000000 00000000 0001 03 28374
0000000000000000: 00000003 00000000 00000000 0001 03 530019
0000000000000000: 00000003 00000000 00000000 0001 03 34007
0000000000000000: 00000003 00000000 00000000 0001 03 102969
0000000000000000: 00000003 00000000 00000000 0001 03 87164
0000000000000000: 00000003 00000000 00000000 0001 03 22685 /run/containerd/containerd.sock
0000000000000000: 00000002 00000000 00000000 0002 03 10245
0000000000000000: 00000003 00000000 00000000 0001 03 103020
0000000000000000: 00000003 00000000 00000000 0001 03 102974
0000000000000000: 00000003 00000000 00000000 0001 03 102968
0000000000000000: 00000003 00000000 00000000 0001 03 24123 /run/systemd/journal/stdout
0000000000000000: 00000003 00000000 00000000 0002 03  3768
0000000000000000: 00000002 00000000 00010000 0001 01   734 @/org/kernel/linux/storage/multipathd
0000000000000000: 00000002 00000000 00010000 0001 01  4500 @ISCSIADM_ABSTRACT_NAMESPACE
